UPCOM-INDEX
21/12/2020 71.64 0.69 0.97 57946670 782655374300 5395394 104321726500 0.0 70.95 71.70 70.92
18/12/2020 70.95 0.66 0.94 50812605 630125085100 12470938 175644468500 0.0 70.30 70.95 70.27
17/12/2020 70.29 0.04 0.06 46968539 711857611700 1696681 64094461500 0.0 70.24 70.68 70.01
16/12/2020 70.25 0.64 0.91 32753429 645947608000 4911100 51873670000 0.0 69.62 70.25 69.63
15/12/2020 69.62 0.26 0.37 39521462 710824891800 13996596 314398646000 0.0 69.68 69.84 69.49
14/12/2020 69.36 0.64 0.93 44560236 1967171858100 16083006 270884115400 0.0 68.72 69.36 68.60
11/12/2020 68.72 0.02 0.02 45972376 636737628500 26564507 224176916000 0.0 68.71 68.79 68.33
10/12/2020 68.71 -0.55 -0.80 35719968 685894748200 26712045 687862143140 0.0 69.26 69.39 68.57
09/12/2020 69.26 0.32 0.46 46319817 684614428800 3774612 35162530900 0.0 68.94 69.54 68.86
08/12/2020 68.94 0.24 0.35 34348915 503691993600 2551981 38228171400 0.0 68.70 68.94 68.57
07/12/2020 68.70 0.09 0.13 31619294 512722231400 4877376 51491427600 0.0 68.61 68.70 68.34
04/12/2020 68.61 -0.41 -0.59 46802578 585211779400 35290765 633349042180 0.0 68.94 69.20 68.40
03/12/2020 69.02 0.42 0.61 34166759 535982417600 8011848 130933616000 0.0 68.60 69.04 68.60
02/12/2020 68.60 0.79 1.17 25245758 518078768100 3474370 51327571000 0.0 67.81 68.60 67.74
01/12/2020 67.81 0.91 1.36 29045346 569251738000 10701190 137934144400 0.0 66.89 67.81 66.56
30/11/2020 66.90 0.11 0.16 23480612 383074305400 16771670 239602332010 0.0 66.79 67.01 66.63
27/11/2020 66.79 0.29 0.44 32430997 381477128500 2197007 34227555200 0.0 66.48 66.86 66.41
26/11/2020 66.50 -0.11 -0.16 28072592 469959880600 884671 50044905000 0.0 66.60 66.66 66.29
25/11/2020 66.60 -0.16 -0.24 29763583 483760313700 2871077 36452675000 0.0 66.60 67.05 66.46
24/11/2020 66.76 0.07 0.10 25128155 501769989800 4930225 73058700000 0.0 66.70 66.85 66.19
